26
6
8
33
52
10
5
64
8
9
53
14
13
17
10
16
12
15
14
9
11
21
18
16
19
14
16
18
65
56
41
74
77
70
71
48
82
43
59
100
67
105
65
83
104
44
78
21
3
11
34
42
34
11
23
13
12
9
3
3
16
15
6
6
83
72
25
17
42
74
74
96
98
76
59
5
16
32
212
227
342
252
452
211
488
215
5
13
7
41
19
8
1
4
3
6
11
1
15
13
12
15
8
12
24
32
6
37
30
3
2
2
18
28
252
182
203
18
15
14
5
2
7
5
6
4
4
7
16
18
14
18
22
20
7
75
70
180
372
1980
840
5040
168
2016
300
440
63
60
100
264
46
88
280
45
4380
6175
141.5
7.5
54
1380
13
17
16
15
5
14
9
11
65
56
41
47
37
60
91
19
28
54
93
152
77
89
77
70
71
48
81
82
43
41
23
15
36
71
10
8
2053
149
159.7
5528208
6
3
6
4
6
25
17
50
5
16
32
342
469
452
488
1
3
1
3
2
7
5
6
4
5
7
16
18
14
18
22
20
7
21
24
39
14
4
12
9
14
25
7
17
22.25
8.5
32
265
438
91
9
9
9
9
9
9
13
8
41
8
10
9
8
8
9
